601853
130009
137663
370494
53931
62579
185357
142014
53466
181100
48669
137663
6264973
253499
124278
138487
84970
95064
121809
126427
253326
369599
60388
88881
191271
43085
40413
236652
76345
187215
106549
249199
431956
398186
50649
2493951
130387
580938
52508
108668
85720
169898
69129
141893
46638
53385
57919
244302
118545
74069
142988
94371
223501
95987
218903
224545
310520
100673
44320
1318988
46914
147103
56928
59994
293940
133501
70756
132856
125869
191880
165485
174904
496788
90696
376932
57919
162953
42113
132310
77749
53728
229109
148704
42858
145900
138153
91006
139786
284958
738911
6264973
484391
1318988
449609
409710
289888
126435
49073
265777
110034
125496
254303
174233
126435
139264
133632
403595
84199
391330
84970
111332
717008
68836
119263
51489
241619
340199
110268
203365
60388
114361
52265
451756
124465
65744
90855
79930
212848
61319
127740
89568
46914
391779
269699
2048612
43243
131258
536510
130419
381908
152525
72885
73517
107380
113265
59791
430307
1165683
252916
136452
121112
1454344
242467
215234
270360
125210
107513
1604455
104622
204912
174233
709373
198139
343957
201395
149790
132798
82143
188246
74738
42578
180160
144887
96466
151130
406590
167544
470060
672870
451426
108221
111152
122741
293940
128759
194105
275305
119769
196607
80222
223501
704182
88443
6264973
150572
1254170
63937
121112
152525
612286
82961
128205
43195
131363
436538
152525
139391
332249
86640
134706
191039
42346
132785
159264
122870
96466
356099
530449
45464
208010
150999
340185
107320
142783
1120010
102785
175491
460079
289804
172102
44867
143324
107707
159264
250147
92535
170241
60789
41965
136215
280694
60395
195801
130643
278110
573544
77771
86640
120695
112889
154741
95300
172102
265863
303643
114109
45736
46485
296487
40089
83163
176320
146057
155331
142567
191985
451095
75797
120126
391330
103285
46668
571311
150572
177004
249199
2493951
70894
518271
145290
97869
381908
41784
65690
167701
149339
185964
128028
59577
296481
158363
142092
70756
346520
194740
2493951
96655
68169
512372
129592
174637
57100
146281
77398
229805
70648
190632
99936
59994
88350
111907
56429
565172
116463
161855
166320
172425
1159470
631538
43999
165981
429183
79231
93762
402103
70344
146187
112406
346600
114830
54045
318260
41555
41196
762379
880580
128747
136120
793944
88554
76030
114325
810737
310520
76050
89139
52247
367722
195521
55652
58922
167083
87935
115849
189298
53513
143324
148704
105417
116366
381908
83851
1314968
439097
83234
381685
137387
1720141
122134
74748
338570
114187
150572
42576
594119
161636
1062099
60835
336155
917684
200950
82462
141380
49714
61710
60150
229519
64599
114667
93288
108953
319929
59182
1165683
383125
166014
594742
531400
76417
82200
228604
88810
52322
120202
116636
139340
86816
544815
46450
205173
44156
69563
126569
243240
594319
462433
242467
197615
224545
1096192
62254
72885
98003
266172
42915
145794
57100
52592
92367
746753
317877
564657
65020
97744
45063
64937
125210
41615
53931
127338
40813
403808
93731
41420
245865
125969
52247
167083
78578
294901
55385
445493
52435
175392
302637
152525
708447
87739
40305
87094
49141
48487
123279
99154
57550
45636
269627
125109
6264973
440239
571824
1254170
237390
151956
46140
218163
155847
108953
514423
352360
81941
130941
64795
134414
302886
42431
360952
122550
141065
864472
175678
101591
378995
122485
270602
420825
455165
160442
58110
40734
62254
103734
93027
133644
87485
159264
185357
104006
69382
131270
449540
459402
46719
173915
76345
127769
62836
446908
410651
172102
144894
114837
141998
103643
334179
153741
83562
83924
2721571
180042
912174
114830
103782
60765
106001
221674
206212
6264973
994355
376592
60017
509286
396884
63938
288584
129072
80733
54362
107202
295980
606555
214757
69231
116544
155767
153205
130643
107223
58295
251023
66206
203868
141091
90348
77771
46222
71275
48383
541271
66652
87160
243793
103711
262275
217114
91982
121452
43730
431956
43636
54713
98082
42423
51602
149945
40413
139457
126326
260942
265320
455165
87687
90491
66633
186726
325918
88022
179979
52592
583461
250163
135219
440827
72711
150464
122314
97692
2369620
176590
100967
476153
772618
148704
203203
134853
860529
835548
63129
120748
76345
368590
1203916
580053
90243
482962
108485
89302
142050
400079
408522
106029
273055
186249
491676
536510
256600
364816
437676
174637
55130
475272
645939
285169
101045
136099
58374
238810
89096
46371
45519
257648
86535
1101009
173368
390061
210987
113316
184310
46642
148396
86293
826158
126625
106758
708447
202746
127338
221896
173058
310648
144313
163966
197081
439843
83215
241619
87526
359897
185826
764200
358690
132672
83921
164588
73602
380820
90753
127728
225455
217631
153573
90766
599104
122134
276057
295506
4874470
82143
645939
164009
468755
103132
185883
40630
73782
252023
218163
155947
41162
2981274
121495
229893
112956
2249491
400079
64248
63534
124329
310514
65450
103512
158836
290665
98916
230578
324891
132856
410269
57317
134381
711480
171248
129726
45725
298422
602158
132856
61247
50380
91982
465350
44755
47650
217783
106215
383231
124048
131608
168850
427312
69961
54449
234422
114614
994355
58289
80352
46676
125600
356015
328443
227420
91232
224558
57340
66103
52592
93349
115431
154864
222839
42901
74417
153760
93276
102479
157354
114518
144046
340972
2372945
95709
86663
127740
52829
109093
98133
77984
89912
121701
161126
147089
122437
86293
447670
41495
594742
88989
2048612
46390
89302
137280
533814
108221
44151
123560
156462
132475
41196
52996
142838
75619
43770
95292
1106472
444199
424695
103512
551916
84723
64941
305782
201392
60448
401510
40563
116781
68398
186042
396074
337122
101107
57755
153439
106168
144894
368849
141774
42387
123223
71598
260754
413023
760870
173761
45230
46719
1684919
98755
267733
40853
1037838
46222
602653
564509
64303
332647
183663
469012
182948
103107
118640
62728
162890
267995
161237
674579
45655
80195
106846
146040
53700
131550
168116
409710
125496
50734
50166
175937
76657
118702
139161
72356
347758
313525
358304
104622
798189
47785
264135
398640
55271
209688
151187
150511
125372
214533
125496
265373
316098
83293
112699
82700
375796
87588
115713
183209
375823
467951
66733
100745
571920
440239
191880
65561
197673
599104
145298
424103
43581
46690
488456
537218
406747
206385
45064
147048
134509
89139
109527
99212
94604
94750
132785
234496
53728
107223
66210
209375
137515
220307
462790
52363
125496
270602
112853
209609
90348
403202
103280
994355
61283
51800
645939
297492
594742
84603
430851
59581
511138
121033
510549
211015
380907
112537
1806695
228075
304873
95735
258455
421145
83021
324891
479831
46301
394770
185550
101045
90138
105302
85041
410859
116243
99062
53773
58086
234729
61827
241736
217305
85220
141091
230984
571267
115288
112752
60179
159264
412834
708447
82779
124315
93926
116444
54926
132618
102914
189767
340498
1444247
102066
254460
70648
181381
64822
81213
187901
41033
164779
411357
490001
312818
83455
83059
106589
141340
478981
80614
209413
455852
61237
97919
46914
547630
123711
287043
418219
645939
330944
929156
251671
164551
61259
93682
149602
149602
66122
64875
265777
553145
148774
278759
47424
41495
994355
78779
511203
254195
62400
72016
103730
71598
203166
214061
2465599
366096
296481
79892
394140
76564
62073
77024
373775
99521
145072
112001
334562
594742
162661
50733
2033077
75493
131598
509934
406929
175015
189404
426227
153345
59484
85097
275836
69044
153767
195801
423852
158484
105819
322150
55664
148781
93276
56156
421654
100020
108221
79131
229112
319253
82680
218163
168669
183209
677996
147089
117934
128205
57919
41577
67681
95411
708193
95987
81073
488862
331188
55026
639917
478217
629056
46386
45259
153634
71464
138259
89260
61584
458769
413025
673543
41495
278918
44960
275305
324220
393881
458771
84465
119526
58295
180160
137562
113674
40864
146057
252371
476443
150726
115239
54311
49020
43194
136255
108820
108243
387745
58032
91338
84307
175462
90601
455627
56348
144313
133238
142729
438221
175744
580892
191271
257648
58576
713563
402293
367713
41816
55513
294573
442218
55963
97704
56765
116638
64854
177661
76030
79231
52892
103346
142729
108091
53249
65932
106294
47479
167109
117274
50020
46929
41831
92578
164846
90382
95898
49549
77138
69321
152525
117611
99767
321796
177281
70933
507718
98054
113126
167011
89912
46805
85685
245771
321335
470060
67938
57915
404482
51414
82123
86997
61247
107223
49238
52915
203137
127538
494841
451050
52508
529863
114857
77738
75956
107428
91252
110827
336382
121598
378223
998367
744136
76893
75686
46203
87509
314305
102869
508399
219407
86040
152525
313995
201331
503349
48691
49093
71251
76260
330024
99542
77362
41024
65368
47569
74820
155741
139281
41831
157514
46366
287889
686549
44757
142729
188651
103144
77150
158931
540680
181361
58937
431761
411458
95429
44084
55720
182262
156214
349267
217809
416174
633708
141082
50174
59577
92988
320387
147816
150857
157198
66652
136451
72972
183942
117694
119412
91562
222756
105277
108908
6878706
154836
715192
69462
319035
216936
68835
48511
80679
113869
58206
132961
150857
83048
103036
127741
565215
123706
135835
92944
56401
103020
408407
88443
192708
163176
47456
95603
1664430
75178
57100
199536
321134
97234
271518
118035
94302
548165
496019
211207
141502
411230
1228987
70684
500599
118447
191040
104427
44657
293929
40857
96514
49537
132785
355070
114423
92103
403866
88954
97869
461605
76456
45489
196331
285918
147968
214970
194932
57212
488014
426159
313155
133632
488014
119429
424244
148879
115259
46914
2229780
79246
57028
103191
274834
163394
184209
175422
97869
72017
124204
43838
257624
163130
71110
188934
46304
210063
711480
65883
397743
230954
279853
158343
74224
141082
468500
97072
89020
97869
208668
604233
108533
1404433
91155
135285
50296
123560
154350
78735
132856
154350
82084
46202
285371
1217279
442753
864472
109572
48736
43282
80660
86716
101408
76557
420673
49698
1324032
184680
99816
504974
270602
40752
307325
545113
165981
72995
99557
45255
56960
308791
118864
52408
885543
52591
191439
46503
531354
97739
521194
124862
109406
81067
466584
131051
47472
74771
63971
73442
67615
46780
164588
98916
147171
127164
185357
65990
205242
289282
79452
75716
116781
509217
50143
198549
77084
421413
76030
117694
44115
341209
44677
105400
457190
430832
80416
154350
190124
154413
435946
119190
124404
296995
267375
672462
87788
194040
60138
99154
84795
447597
154235
352322
253326
393095
210869
76012
108221
221480
53598
94436
52347
59958
173606
242467
115332
95090
53461
99862
54258
83115
295506
76910
44524
71153
85742
107124
136438
496865
102306
99456
192263
80439
468755
52859
161237
66390
171679
77692
170587
380579
131415
414466
142480
73173
75927
185516
77564
147089
50234
86652
356015
604442
46371
51691
77319
45384
333357
97613
639624
440827
295022
45850
151912
255775
520599
193918
299814
252286
553599
92601
82308
151620
633282
75428
131851
127861
66277
425684
71251
72333
116789
67956
56060
243066
217912
58323
286330
175786
87434
117752
79224
93835
428362
436119
859357
245100
115759
103285
145186
155917
53576
694348
53773
1159460
119739
59714
138280
83469
89912
199863
70894
372774
71598
743274
68398
406583
43770
119798
87273
150389
403625
119842
174743
282388
66232
109093
69943
86400
65561
72138
71859
87589
479545
405182
91594
116515
134706
613837
48619
116444
408094
383739
430851
68762
268533
606629
392365
41027
144270
260245
449214
232931
108243
243240
44657
480668
345888
1195726
48730
166088
814414
410912
60135
367622
80500
125827
278087
134970
102068
476596
60188
46006
425827
240904
317730
309487
79303
46858
62727
1793322
207798
101188
82403
267050
237173
173906
154940
643585
162497
57883
147894
175015
425657
154993
57214
1270267
390593
47531
473834
281287
62583
536105
410857
268533
140181
502576
59251
95920
76627
73182
108456
137786
151683
292428
218277
190842
212573
46208
194425
41903
167109
195788
45259
79227
380799
203203
390629
48571
54553
191439
278642
209522
80352
237702
94680
169717
123991
240820
61011
236583
117217
142026
119892
739834
94956
44253
47719
477809
622360
416786
389600
306489
897794
583415
121081
500351
192677
469410
198012
106984
103793
42917
817163
395541
347873
122316
79102
143580
110008
62327
72785
92691
324937
72660
92235
74999
63621
124048
110900
689779
265777
79078
72711
75583
657469
267424
107202
94459
137927
122514
102189
323332
141169
133637
71598
372774
739836
46765
209774
124329
150389
205947
53120
1043710
459290
208073
427989
52300
136215
42591
207080
151282
101143
175564
182173
52952
56356
280525
44941
45129
339042
178663
1111782
341315
40305
477827
181991
158784
42607
302307
55829
238648
61900
362410
431730
68811
149593
43399
674435
44708
43202
401999
74761
52247
40039
420044
497418
172102
167361
534076
62882
306857
774301
101465
72246
562426
427267
105679
511335
73950
126569
125859
664368
59994
283563
49408
48717
70841
81203
88469
135347
51885
114215
99099
48808
242218
2106615
533850
86871
431730
445538
63429
60523
199666
58323
69591
420555
201031
57165
105044
176905
66375
171868
172824
66447
142729
55097
476205
76157
292263
548684
101107
366582
594540
445371
494900
513592
177914
328841
503552
372932
1432126
381602
547623
195801
494841
223303
112751
109843
52930
42326
120273
62894
175559
204711
111508
66146
66277
88775
234125
115388
100609
51845
117602
139391
54872
76030
112075
571910
54976
60834
62470
52630
107223
121571
95651
544817
47243
435612
429417
90612
105133
101991
6264973
57534
85476
212957
53998
158140
101304
55765
46914
54434
241478
408797
350978
75079
76282
98288
381137
77666
78090
284060
63233
127636
109530
101143
87928
324937
248559
350283
943389
110816
51710
272775
394236
67292
123864
113246
126761
68428
59374
48104
502524
47273
48637
197089
271698
53593
518960
70514
62098
685691
261060
181483
847775
43972
168195
269666
167148
52576
82403
54064
97352
125931
53593
573544
1122910
317681
492351
72189
141502
256306
108078
142751
62772
79681
65869
413966
51422
45365
44576
126329
146872
78989
197927
321229
72796
1769289
72760
308691
207080
205175
664282
42977
155581
438350
111963
1136663
389045
121112
50220
424723
120971
386455
96901
69314
338051
307131
102645
69391
106647
46395
173107
89826
374633
183032
678063
81948
396967
40241
470900
58741
140925
133632
419569
55337
173057
52774
46968
113736
1684919
112500
109448
73010
94436
378796
323733
341836
155847
372774
76282
137664
90156
148154
142729
131998
41883
83197
99593
73697
63123
121081
178074
582827
54981
65983
571023
455313
95493
333547
130768
191880
64822
262953
300663
236318
100150
341109
563433
1701167
242845
69305
42293
117860
105615
486854
1536161
57781
125420
83112
79767
59994
300762
136252
163769
59522
65469
450434
111889
63625
207080
653232
81777
105814
130673
63040
631520
150342
64476
1200538
746944
427845
62727
50473
437804
125827
265777
86535
464417
223171
123560
390425
286158
338640
73456
521170
94076
92115
208141
57146
177004
256057
54926
269091
270602
87039
70961
386125
473528
171679
293940
66580
501995
745164
126574
306017
69777
127345
97596
51960
52644
469364
125496
76405
517505
99619
422838
383627
530022
49802
582086
60044
183979
957661
203203
80253
487313
54131
188651
222491
51346
171848
488994
356244
159264
1136663
82067
107961
40148
66014
295514
166181
422392
47379
56198
157063
184500
409971
1423305
117432
86956
355162
300670
474491
184458
266402
434824
276645
108692
54258
93891
278501
133063
370523
40838
64851
488484
99521
561117
177004
607814
244933
62589
209949
97351
487450
64534
68214
118702
55956
513373
71321
119527
317591
40838
51739
72012
128713
93487
167814
446409
775128
97721
1684919
339127
51846
204291
505090
133632
56980
103657
43711
85817
237621
66760
88528
164115
64692
522206
66204
594364
330759
497497
57234
864472
472949
107745
286040
137957
150857
76158
310070
654828
74073
166181
64512
155522
79049
89311
78968
91848
188665
68824
375645
75975
110394
44852
120247
70763
128713
88400
196098
123560
61964
42032
219423
140599
336952
488073
85479
108243
151115
49881
59438
78437
48760
133943
40214
57317
43149
423468
153358
87183
59374
441744
71921
131870
181464
190192
141462
277598
449574
140340
883942
107889
420545
207080
66881
132785
1086591
152570
67731
204912
275572
244651
53018
41495
71321
154350
477716
83794
381698
802196
42697
489161
383520
394387
221313
57450
425523
118641
149410
184066
45193
56991
45068
246542
65988
41636
102677
89214
63367
84889
132914
62900
107730
353900
130060
629749
41222
63609
369787
99892
229488
536474
310520
65450
40898
206485
41414
1592874
51202
116439
249671
864472
486236
462561
234701
45580
79844
308428
135219
142107
444641
100901
69314
173682
111393
783955
108962
284977
58860
199798
41456
48262
69201
54720
230985
506784
97072
114851
74901
95661
278196
47026
111025
57288
59033
202763
101543
136542
99912
190331
90583
68082
65195
738621
88259
52072
106952
115221
176460
66900
142097
255803
126504
451136
521656
611592
421564
49695
41374
59085
518962
274173
69486
108573
106433
412624
42069
543057
435298
334690
211304
111513
100990
83181
275301
489760
254437
380848
659795
51652
553595
635089
359224
477967
125998
92183
103024
67754
69180
91146
122217
440868
70356
60293
217065
182324
117697
68074
135423
99283
85216
53247
480466
262788
302426
841083
184061
77884
393708
122248
336629
70944
163863
461133
85482
67503
71251
113484
103239
71331
90297
384696
150572
89513
96430
161470
258887
213042
185380
336341
115362
171438
603569
55524
183942
157492
72947
94707
59806
443858
79155
464381
465265
90204
235383
847542
307325
403754
75347
50348
229277
98840
64822
176320
64822
113397
86098
122897
61593
47424
436538
260621
106812
60017
105053
236340
59374
259299
4342349
147605
127164
57405
163961
529863
72885
145259
801775
355361
42607
68824
54854
292099
88614
712406
216940
92514
122195
67585
81836
582563
95557
137723
144313
205947
46069
132872
155300
69446
63977
103912
71311
125329
347680
77570
128540
302516
159264
365913
1519257
98277
441620
121565
305178
355264
224817
48647
398921
94707
116423
40011
94964
678056
57630
373413
81106
64129
228135
291417
45529
62147
104156
465529
315410
88528
248135
176436
55979
278816
45069
135328
96655
96514
499263
139391
142539
57097
348170
47983
205947
400088
198731
109013
553597
240903
432856
283498
286110
1148776
253451
228948
781815
77585
113484
160154
334534
641608
298321
219805
185508
326269
94531
93926
2602065
163129
533804
55090
79338
530464
307836
1507673
49363
40491
43776
48939
114903
380811
264346
125496
85946
124101
165631
190632
133714
594742
840999
115757
40738
344079
121915
104368
75927
161546
57100
521194
44635
311108
126084
75636
42975
487976
80356
407465
44231
55688
69996
388678
428063
57140
68009
107336
418464
293940
44657
55271
141101
381611
424252
122898
3337744
606557
619116
215695
96340
42004
55821
53961
99802
57628
388435
241839
98524
72861
207933
134076
548934
56938
468166
2538239
382850
138758
94465
62673
2229780
64959
95795
53249
92278
42694
333464
438759
58929
101143
750702
414128
97195
208991
65938
432918
150696
1769291
477827
62589
209432
98082
629028
174259
102655
505258
243472
631514
1205045
462460
44376
156216
437984
76050
108892
76127
429335
226147
66375
580195
253426
218303
78388
2033107
65420
2280846
89864
201656
83840
76049
153992
77129
52925
285169
53751
85417
284979
376341
422251
378790
140732
41297
319688
53787
41628
667634
214567
208426
176713
534425
40260
401989
213040
103280
79863
92611
549923
420537
968889
96096
248790
307597
404531
57139
479147
269623
162517
2691013
76050
95329
100820
131202
92183
48104
227420
120880
149040
146011
240112
53535
61777
448057
135371
78921
64397
532891
256477
167109
53931
577599
415991
1938357
331717
53397
97966
54926
308792
109725
392079
119677
438516
60621
356737
649528
252371
72995
162115
103702
131718
49001
385440
233811
256280
200346
95191
148100
64533
111008
102785
59974
55498
45087
351840
67083
123764
142698
276670
188777
350577
81483
275753
80352
248295
124399
90948
160654
300878
49092
56375
656966
467618
778725
202379
302402
72304
491694
42380
333209
143593
547905
398214
1275814
57332
58047
140181
65223
92988
49177
153532
94579
403346
150277
48519
304618
64071
76237
238728
113148
136215
329637
266402
41903
113021
71153
71149
69840
192855
90061
130846
781390
437955
237275
66271
103303
41425
87991
181580
848760
49992
43011
78113
123493
164311
393983
46713
86465
191324
50052
296599
148463
129095
98569
236339
131434
348788
105266
95172
117886
437405
191478
41456
121112
82264
92514
548127
59994
360619
57534
76344
93682
46956
61196
148530
113484
135346
460637
79982
176894
95329
348786
52592
58011
117113
282236
149355
141121
149101
98154
464877
60981
115362
138817
289779
93159
98547
602954
44657
638618
551932
158472
40116
114665
331438
451408
60833
183058
126914
48769
43421
835804
458988
67236
226904
80049
442751
114292
62042
281121
284762
125081
589385
218020
350346
56177
250514
115551
108177
89127
85772
74748
171310
66271
61318
105819
52247
192820
72451
165951
115076
97279
343957
81342
514235
41778
395709
182279
82171
76859
42256
80714
96644
69646
133107
40564
748829
125891
137562
76910
278816
362782
92215
70273
397059
57526
316205
80320
45850
494837
80995
96259
106730
80049
85735
270983
138348
114503
90655
1258827
60113
355710
67191
368957
617630
94281
830104
270054
67504
383225
270602
360352
56264
71180
55808
48565
333906
350218
1486910
105084
118905
58966
222141
101187
55101
41495
88008
153697
438350
307208
82787
393217
176101
133045
110629
68330
64005
65629
631514
23778
79759
140106
542590
56738
301839
483055
66717
174237
383876
175559
301366
392640
321307
101107
366259
278933
66334
254594
142014
121352
87104
455140
369848
40668
282418
133771
74075
320589
530847
53364
123711
51746
136904
364925
47445
1154770
85467
163819
172119
537003
400529
301319
502309
127251
67404
107016
64516
305688
46676
106166
69957
67670
201897
50924
107513
482683
859349
41033
50888
51603
2106593
78736
126183
157307
404653
545105
386684
72024
247944
2048612
367758
489004
59146
74047
70273
422068
63940
186193
362465
44814
1125634
83981
296914
483368
82836
78598
88090
508631
46541
144538
60195
79490
133211
207427
93832
170978
71321
73264
122809
2770641
190928
748831
85647
503883
491698
176681
928091
52409
171811
93691
151395
101271
139303
53516
224698
549024
2189372
364010
59250
46044
173632
243643
1670757
74941
367845
71336
205063
57029
465696
61760
469012
204326
115696
425903
376761
64404
386991
153582
191027
57214
380048
891923
271380
321165
220719
45802
59109
45936
266197
341951
215510
98054
70375
50726
42796
61680
442379
253861
52311
248742
595746
338617
81648
259361
72654
494493
421018
353736
154404
431589
84495
50947
86748
270256
472423
254111
201834
69128
160170
431956
97835
88041
54012
83742
290298
62386
76382
48624
44981
75009
92065
102163
199662
423048
364920
79581
63186
195776
325653
221054
76210
507207
99932
287237
41026
220278
46223
558039
418785
163535
424264
343278
189953
191493
229042
213887
223342
64195
392226
202770
88775
487102
569896
63658
159266
429878
266013
113126
164108
284983
77000
260216
84349
212451
45808
114321
64614
53844
391465
115948
41191
79445
324558
45329
115541
80696
45063
337696
85264
756266
300679
63770
55148
55942
631516
45782
513616
197946
140925
50020
80544
73752
55643
705841
407472
208283
22092
133987
178851
272625
92022
62583
421622
128517
403866
141337
81540
250514
426658
197761
64476
394473
303738
454699
125688
52675
300703
87397
282341
460953
296940
536406
176460
421010
81402
469012
130819
165585
89855
43103
59136
71903
73946
171248
84630
158945
84562
440815
334628
133217
42350
46794
101924
117575
72711
604594
203203
281987
130249
392482
362410
801775
384566
90200
207040
52033
90895
45541
1708232
285707
378493
85149
224558
78844
198351
167838
74919
405452
402686
164242
51664
565983
569413
164880
43428
44562
76930
131895
49343
98140
76664
142370
134785
145557
41677
106390
129223
73973
157463
188107
166199
360445
47596
248615
55069
1858322
376661
43365
285253
45708
95137
43148
185837
99349
500131
718561
119892
187869
223417
178851
214733
150857
520505
92988
524627
41014
60822
360951
130821
75023
45646
45063
65995
46772
125667
491694
101839
661240
119892
97154
95664
207080
382684
87521
471789
106925
132511
459528
185546
107716
180576
46831
43546
122686
330191
188708
79755
568918
189589
69960
102550
59028
299421
350453
247926
50838
345191
87035
91105
117483
59002
116021
48246
49708
112421
149044
45230
107673
613837
387024
488984
391777
631538
63436
96349
72673
171615
150857
113814
351275
268067
214302
195521
50581
580725
65487
163382
152601
42894
111286
984590
121432
659795
125404
64533
53858
275344
111227
329371
66094
118977
50909
178692
196422
145512
99349
88485
207804
137376
233811
319387
267731
77771
76456
234417
174509
353335
70862
294739
50482
393627
180362
67853
52781
91353
65459
219789
114271
71632
93879
581921
491650
89045
109503
273976
113203
44402
196847
46070
127594
45649
113064
249718
140336
324486
121970
45827
143714
513654
686489
167302
64100
261856
74065
46399
890729
388801
778723
346512
121234
117539
152499
227754
106698
138259
82701
603683
303643
51543
41395
40111
204193
196483
171679
1667696
319584
106079
115048
127740
71548
495412
84112
223975
303945
85935
389787
76527
503887
68343
197546
43938
52015
71690
89243
459526
370981
157536
97267
420563
211184
283667
56060
187372
53817
48365
126385
116509
612749
214019
125730
1002888
103436
98649
326000
599015
56078
56122
521170
42541
57461
95054
46375
54635
65932
114755
47331
48380
67809
60753
54684
471280
73910
200759
205751
245885
46968
40424
48266
221896
78903
1290158
162368
47331
60711
405464
135136
406939
41495
1368461
446172
99862
446908
105679
127921
600494
43452
44173
45646
302429
108243
53364
70160
174621
491336
454050
199751
127707
94599
72711
42469
309745
94296
1324032
114292
114285
171868
85465
704182
302165
91763
54740
450305
402171
51150
494900
158662
151460
66304
68926
53454
102716
79633
299098
330947
69442
370527
145806
957497
236262
132642
62432
113427
71829
332647
424036
120573
62860
204965
444613
473974
172352
53751
69369
54303
227109
135545
76504
283932
256310
81670
607821
99620
96311
128173
99998
110114
70955
110205
83514
513588
57214
203576
412024
383350
438857
340645
256863
47392
86978
126581
162149
318012
46719
468180
208077
86137
105302
44158
421634
390334
4092301
544010
345970
377879
572635
228869
132856
650058
88586
90346
275943
441995
274507
58838
254122
50829
55688
56739
373122
1225918
462976
117615
383982
164846
95426
99126
68792
53559
41206
117302
452591
40354
421040
396594
113718
101143
136858
71727
303643
42387
714699
72541
79962
119415
61393
209400
96426
82210
149701
314937
154975
488077
103280
258347
169272
171484
3337744
249403
48284
164761
106778
169584
313155
83913
259191
3337744
176774
171697
481876
69398
50982
79981
80348
306349
350694
65342
715158
201897
479600
69873
48732
241917
343957
176161
75881
47077
40154
405350
53392
128513
517991
482683
59460
148555
450009
305701
126289
146057
95485
141082
601069
85895
125702
168087
69294
45649
55810
45089
64534
233811
736651
61590
70742
51413
66006
84289
158140
410839
130845
148112
194693
413313
450743
74414
130591
445232
424434
216809
153382
89123
122729
107370
52238
92183
59505
341419
446836
79846
193380
53406
122377
142941
146943
76183
230533
66163
63541
44657
163926
160809
97059
101531
511393
62483
595282
715176
95708
128676
101118
140472
197875
63179
517734
90548
133571
65460
44960
62470
219618
389964
99035
77868
152055
85451
564983
295032
58089
65342
232364
578097
119902
155875
243163
510555
55383
310490
171848
135403
199936
49698
45080
51917
994355
460220
429544
242809
635029
113682
711531
404649
561117
116861
51711
197615
348876
51986
629038
56003
554032
119373
114212
235853
52247
472968
306549
182706
916683
331366
273960
334244
872019
43692
179927
73149
53420
272723
46300
73953
223371
141082
54434
166879
82583
82429
48341
48498
59786
54127
107036
112830
528342
128042
532017
49437
334704
167373
148615
348852
55172
40270
364445
58229
589371
98384
267983
131865
109658
398089
566304
236375
196596
80091
104717
81540
67428
304832
82979
174745
179109
48624
92986
209623
391447
283115
611121
127170
292623
145187
368028
44685
147810
41322
123821
110371
98193
250093
45461
150526
293577
80848
532889
63235
50053
330947
133584
294371
341812
68343
252432
45643
49714
270270
96373
352238
112175
398565
137248
104877
778721
74950
60524
81801
503915
144684
383988
40906
101854
67992
86650
87576
83639
118891
63541
59974
411590
1574849
55271
483379
86091
69003
127833
334632
83926
270209
99270
92385
538954
68209
42188
363551
114672
122871
41135
120596
168600
63563
271518
56709
71711
211891
233296
403842
330694
136252
941883
76984
189961
83206
222697
124084
40145
41347
88254
248844
274628
64004
123196
102552
279234
854932
193482
219570
73957
79863
82961
97353
257192
411373
138955
63487
209590
68445
715132
228158
1179905
80491
85075
42290
870433
66171
61827
42126
106008
89444
60679
195801
340194
418484
148530
419597
311929
42465
172233
71368
57208
99114
65616
166720
327174
75750
57442
108978
101107
68238
175146
44430
594331
122298
478848
43126
112956
50377
120888
217116
637780
72651
47492
97927
165720
62198
107570
276631
742356
55454
504044
393119
479541
430432
316086
144684
147172
299978
276564
27477
95279
61259
79593
64284
89488
254061
77895
255711
378223
152464
52476
132574
488827
416194
40388
78372
40782
331871
81300
359482
41908
323611
133838
85492
148311
368392
55867
1746368
501107
473589
100609
217005
424638
105059
64058
55861
45702
274513
62098
317775
122160
335924
220803
62007
109763
55450
111702
218527
50888
130856
100831
304936
434239
630330
48786
41598
107444
172102
799342
114791
101227
132856
454968
391441
351058
106604
127052
123556
50661
469827
96153
146633
127130
327166
210167
79982
189969
314168
119523
214089
92550
272261
70205
969372
390294
667634
110353
90753
314129
714721
987870
153760
76442
101641
108897
403877
280541
69396
174683
441520
158146
353489
2369578
275525
60465
423733
216900
520509
86309
76960
119646
133632
48570
782556
43627
64903
277219
1577541
455757
191148
170743
52663
62254
98850
47366
321309
77502
352352
55202
46395
224675
484326
347972
439706
40893
91743
151575
2815768
147553
66622
196363
2189400
43993
498583
357488
114830
46044
115056
183427
73402
52586
90939
46781
55808
297650
50685
127798
372831
119046
153740
117694
332290
494616
257043
82004
76557
429187
89826
97316
77992
468022
264742
531203
48490
58394
328841
198301
109494
99397
121649
793944
210421
285602
49286
40039
240777
582090
52675
158110
604524
196891
105652
258430
380020
67732
67261
49505
235627
321157
132856
68191
74746
153561
49722
318172
67806
71038
77303
53408
54172
50744
90548
536153
76321
61898
40255
87687
552897
113501
99861
78991
171649
71005
56272
150514
59092
152525
40086
458199
55985
107129
41524
181738
1289152
136215
40942
223100
66020
26557
49207
163790
58035
107211
124665
60895
503883
49844
657365
406750
381169
118489
93135
123267
106925
140925
114480
265265
170167
370917
67870
180606
66349
587753
421600
68280
64409
54258
158526
272801
421534
2480086
490700
178074
1137339
281123
53548
112652
112179
171547
40169
231772
631524
96269
131306
100264
277201
83374
847515
521636
133209
171868
87021
167347
129422
531298
248526
47283
331868
327184
44203
82951
50898
125011
154407
70424
912174
333711
242501
126155
70954
53636
489203
110929
51901
145308
274935
40338
109173
65215
215766
594319
74822
225148
177011
143411
139037
468755
57226
259295
41495
130701
167083
285662
201250
171244
296872
71638
132440
420584
307934
67123
43630
111881
62885
117615
363151
41270
61394
2106631
421026
376932
143643
46503
602594
341439
513616
220831
425102
146072
207080
136214
209431
125869
125812
70278
75017
168116
42505
462406
473713
843676
44425
297650
99694
59527
270586
435513
77093
182540
129886
438252
631526
71051
354961
219257
45284
134785
314674
113814
82385
107467
380078
82129
262861
70190
41707
62861
260458
232283
193138
193775
88851
93341
108243
177420
49102
520653
116021
752189
410817
428382
48181
114316
192378
47167
166566
49030
726069
65659
380854
391330
90753
131196
232690
204965
114558
95078
484292
107336
157205
127112
92988
248984
421020
155006
572875
45694
54530
143696
188692
126961
101107
458794
140925
77283
602514
73471
102379
102371
564641
101555
100609
308797
124535
113879
100410
778717
141503
5016137
185970
183132
74654
509438
46807
173062
123971
90964
46726
57211
266491
48843
82593
73992
224085
122294
66110
177054
427398
90235
249483
189937
77315
65099
469954
133022
62989
476880
146793
92888
188302
59534
228548
46378
151575
118769
54413
63534
56420
130941
46347
49709
73443
78777
213692
78320
196177
62150
43840
1490271
45479
108350
241663
90999
65561
136008
642099
42174
48627
459627
193749
523230
211178
54914
51013
116196
323811
162614
76282
72655
94899
162191
679264
40187
56038
428917
93276
57887
145446
124018
260414
337662
200183
82906
641586
114857
65342
53819
335370
276129
223171
105749
267447
64888
158768
422654
71367
292578
430550
380264
44502
280309
275646
470818
89031
90573
184396
1500215
40611
174259
94267
258802
98814
736987
200426
357621
311907
274173
50909
629749
67544
91201
203203
158621
49179
395901
404640
271064
405647
489435
96376
528057
52247
108243
63965
45279
247542
121780
48490
342489
333222
554449
187215
473301
327181
60128
332666
45733
61232
168492
128088
47843
66900
130322
454964
101953
87340
74182
61916
45905
50945
54085
53548
89031
68515
78047
116111
89738
84773
518962
114865
54116
49162
244419
153751
141140
186104
94111
322928
132767
123679
533822
69003
64071
588209
242751
1001762
458573
451092
103278
469012
115255
221688
75725
49792
208032
130489
183979
2189400
2033111
197083
549913
75435
88240
91343
269532
270314
229412
118702
68232
144891
97312
276056
521656
73911
260102
87039
634162
256414
112282
92509
340900
71454
477716
424691
202971
461671
107815
293940
345207
93186
54336
42009
328783
41206
84766
266337
381137
76282
302850
678066
521222
234191
47773
70286
167163
103720
106000
230881
125372
102328
91225
52630
67546
60700
600484
52276
719855
107815
473495
196366
244355
265498
775818
604843
232000
279751
108428
139197
560790
61985
503875
439705
100973
402007
147936
109335
64420
106984
73910
152466
92875
186484
48160
65561
119378
350609
83104
62157
72228
101143
611151
98054
343421
42155
71618
170080
101942
46458
42271
78831
234150
165123
53863
481277
493073
65800
191039
1732810
185603
42954
119446
552071
69852
258951
344149
84067
677821
124406
271409
124362
56122
60686
52512
230940
5541628
389976
113126
49687
58086
164883
128673
446322
629034
67237
2189398
299172
161526
103310
57788
71313
41742
281291
572285
514881
45206
228815
46436
144505
61345
520529
414822
100771
100602
407716
113824
730863
638602
86401
549107
81663
311003
96816
71921
49038
118146
619101
161836
424280
715206
421024
115769
103094
163065
443833
361358
174850
496684
83467
196495
42673
60568
109530
208740
75493
95557
370802
155583
55179
122378
302886
256984
43510
88682
517948
82099
71881
69879
170540
92199
96350
125366
281771
347451
52015
256663
60717
259640
545121
76282
461143
393643
106537
45286
88252
217686
27406
42169
51946
64148
43660
271423
529180
48031
88022
403201
54886
117281
65770
169758
268531
240904
94057
215789
234422
72391
57883
469012
127298
575720
457181
202123
104007
40267
470489
125341
47327
864712
41480
314436
51528
297078
176217
402644
707995
168650
120326
536510
466424
106835
69005
489963
131128
480796
115717
274932
133671
109143
433651
61288
1604455
372025
40648
61282
89826
370137
53817
338075
359151
81819
83061
513608
40648
43589
213949
113182
50050
521634
79755
173326
170503
173761
442013
315207
96493
570487
227420
109291
125822
478423
84345
115227
408504
73183
52508
91542
71598
145059
58800
70499
334487
93402
533802
41298
57028
160359
164661
46939
46682
412393
365650
388858
221921
330759
144345
117539
84247
48500
1342574
66500
86465
44483
533828
27407
78092
203370
500291
65365
462808
129573
2891165
86858
85626
173609
76642
44665
493990
27629
179224
381107
207446
207370
87715
244825
107223
63545
242218
96384
79087
361664
76243
32111
181211
373380
126114
402295
43490
294311
63956
641568
50326
72876
292950
51899
55833
128772
334267
123905
91155
92198
346520
387842
149277
242218
260808
162522
327194
328339
83376
86234
379630
327496
279234
75827
53238
318930
105743
272255
40359
427353
47362
57969
166845
137568
49960
74444
42117
455623
565428
79461
293654
66171
144332
50087
513642
199346
127515
571563
85796
432226
494026
259462
152359
212112
84807
390475
581855
114198
223773
151673
198537
92309
109658
239089
139551
70419
111907
366058
146898
67670
59169
123965
89449
84138
374105
55808
124788
58922
42137
726961
295955
110296
71598
495317
50734
141550
40545
631536
101531
334179
430424
198790
459335
308779
58922
66184
43770
51498
45129
105301
79307
57381
280764
99677
174157
161283
121376
112597
223171
65374
84936
280862
429332
1938375
434841
174249
121424
172144
129085
83479
172714
438275
47428
174432
68875
427612
88476
68824
650396
220843
217065
169307
335510
269843
481872
465791
108761
311310
44547
106153
317607
115931
160377
462778
94834
117742
128578
52664
66215
58307
41799
94512
56614
99510
74072
113519
42197
290953
244083
116051
120326
279571
69300
145512
400963
63066
469012
41716
502170
62052
441734
425696
67305
46013
359718
673416
396378
276134
597146
77971
302988
369068
122478
731731
104231
163086
944652
133272
109117
92050
112035
126189
70947
68181
225083
68158
254128
40094
60853
441122
85672
44121
108243
43999
69009
49702
223599
96153
35177
353919
302771
65366
98340
51407
465265
607976
166892
150572
82911
516712
273131
68691
65725
47863
214059
40741
2106615
120408
38639
330610
181738
358532
513598
56698
79445
120012
71968
445222
739413
757492
319993
445135
532851
71871
49537
73560
267727
25808
69104
477031
55844
139405
526807
71819
295420
40116
112652
73250
248283
199407
40400
204965
530141
163714
55810
150524
305532
48925
1113757
117436
658594
458107
216017
80685
48188
45397
42059
91178
450763
50825
139383
210223
407989
537247
62141
373804
624655
592539
75429
55429
157949
357826
76693
489410
255050
137909
224558
46004
305032
42293
59518
76025
59974
84912
162713
487414
289441
66560
424664
50165
514947
41509
65248
382694
62222
62521
243222
373775
73471
383274
831184
45223
103191
90348
96197
388840
89108
171368
288950
95043
170901
70062
46723
137989
63869
245013
75431
88480
388976
528408
90363
239401
76718
123433
675594
134004
65522
210985
93766
530091
156828
94076
95299
115436
488992
378491
153140
632441
211440
114518
57495
64328
281257
44708
173317
81941
53249
47233
85458
80412
107362
136241
171136
452919
129574
77309
82430
42157
522912
373943
101629
138833
60118
80433
641594
51944
77576
108243
22828
84758
45516
171868
112372
98298
46044
457147
68282
132127
73447
136629
495675
431581
421022
395031
619118
580946
314672
80795
51178
184473
275960
132632
708447
176515
59620
366667
199428
119497
102269
41773
84067
111843
262911
308366
42730
152784
79452
167958
74455
299156
67125
430851
269531
78837
95904
238374
117747
212669
405994
40620
241591
47812
277548
64868
93812
32222
441604
708188
166014
116937
46072
656981
66964
78301
123679
74555
122659
460930
345002
129933
335471
116487
53374
61785
1543703
67191
2189404
84690
48769
128635
713364
84403
46080
99349
51220
479001
288763
70160
83963
623708
460616
92224
723978
70441
52754
448460
47479
43838
53012
123184
553599
160960
47844
167270
49354
160640
440317
471585
54684
176289
44540
441995
89872
421630
452187
92778
42293
69758
103191
145512
181677
76282
64774
542756
564655
284911
89359
45825
2044435
55845
48067
461214
64508
491670
310213
250659
398263
364195
745160
375959
148774
455630
46137
462422
126508
317696
177647
47385
416293
571918
69327
268533
86767
495011
425560
61202
200792
92494
734999
59189
201805
189871
72204
299156
259268
77582
253449
440832
60318
90255
141082
308809
205453
78842
411592
175392
1574887
115189
42690
24442
144894
96160
149678
64064
84056
529504
56650
48904
1233478
715174
452569
52059
623948
171330
84931
66277
114961
62761
377142
172767
351391
195262
194296
283164
12740
205029
131840
88986
287529
41345
652085
459442
105999
318951
289292
69563
175589
142744
48472
118640
74748
234666
49418
936327
524575
366864
50804
45569
306161
143016
270602
2383600
447571
249593
117208
150260
135939
168909
284891
138817
302770
43040
54983
420252
68965
478142
75288
207543
40781
126036
99808
46159
81099
146228
92206
76515
266405
234422
49559
69007
86716
45476
120500
248980
364504
88438
47854
92808
405157
168158
184516
535413
65493
444186
778138
38091
464396
48695
533828
354226
54965
57969
61247
85729
47752
64092
310821
60080
169750
370342
95592
50647
285995
194669
131671
405391
19538
40291
35824
647878
406933
111275
138122
83374
969382
24308
189790
314688
489809
138817
42883
209725
54526
76910
157093
42987
114518
957673
87063
117693
500323
57388
72615
531982
302704
67292
3104265
65712
89760
54595
290344
317605
102052
51506
553857
296940
221625
548916
46304
66205
256322
188208
120081
72093
40626
197648
185912
258452
230173
86076
47843
93955
185393
409065
61900
69206
52246
145039
441997
44813
251095
328282
280751
113203
236898
198083
80906
2369584
124862
248991
50451
136437
156182
508579
222451
152525
51852
523671
127798
352241
420237
324937
193312
221290
132674
47245
238491
167180
381017
612749
71864
112193
72890
473875
45724
59387
126625
41374
81030
75541
631516
43353
368171
182948
131522
271021
96816
87935
56859
94940
45796
245835
53765
553597
427478
57116
44885
136951
168296
455627
329862
128027
74577
41103
156832
145512
329915
548938
144137
64025
60559
219329
338020
436578
303043
72685
194842
444352
92163
31669
43198
80303
109798
89118
531621
72582
228553
154339
170096
46403
185781
47814
102952
47478
179809
1242447
301292
52300
506199
66465
439097
122236
413416
88886
334108
178851
68603
420266
84433
98054
421022
48233
42359
26514
250880
272460
299472
63526
121668
65245
49900
275066
469422
208578
51459
104084
114028
106281
101470
50327
55585
188652
67806
57913
98934
48867
45174
831184
71153
45289
594337
48650
95574
58802
252371
74941
51716
211575
46788
111732
79207
293452
80417
61905
72885
187167
75115
82558
84516
569419
286743
116216
56512
126625
173848
282442
169442
89918
612347
324620
78500
564462
52185
139132
376383
517646
331727
132760
20246
275389
359101
391336
52864
92988
48571
136921
474296
45660
551297
108752
130643
61980
596605
124133
48168
424682
147625
368546
236652
68138
68512
435499
90753
359151
163823
88254
353341
415564
105679
81732
341181
26788
432502
143116
46692
441134
80544
277536
31930
426346
73375
50236
73508
341236
330759
432847
40306
47745
262695
75428
310663
137015
154021
133771
434229
303866
45929
128807
138525
190327
77209
177839
206778
21967
150572
883942
146369
89504
82167
81764
127136
224558
44865
41480
82149
296459
93256
124862
476491
441558
63384
163992
232365
193043
288371
463763
47417
51434
42561
277723
54495
172329
122441
42256
260422
150676
676773
31713
66080
178834
421793
505283
140962
50456
47501
101952
90471
163532
220394
107975
122902
416724
857763
301491
75289
154081
201770
452925
425985
114830
982244
125007
406603
96301
162327
295738
101409
218591
95937
80906
32313
608637
94076
171665
41203
18727
270016
72675
241713
41820
245584
552889
58542
157761
50867
81764
109143
62403
41757
51940
153561
248234
80417
431937
51231
85352
151620
365881
203137
412971
151192
74746
63711
583447
157761
69132
101558
43410
481712
161761
175502
397359
357505
513604
611072
421105
149452
82757
668851
121033
127707
389597
131457
77648
191465
175754
2189408
421763
149602
52016
527443
81093
195250
548183
64303
484296
34226
740244
360481
101025
473307
110419
155795
82084
88237
81871
115437
409150
76530
109243
431835
143979
122155
353994
41006
59422
405717
328934
45328
92988
245473
125448
71945
313723
109936
100025
407982
346437
37276
387019
641590
100289
282174
245473
68409
128619
249085
66443
41056
94444
175861
549963
282938
62769
185823
154111
55271
43662
126495
502190
208795
463101
447449
441756
44576
462561
95272
49532
315845
293411
53520
146406
1125251
238829
52247
91155
207854
142919
80440
128523
159146
302795
142932
60959
96251
1275029
547841
292979
158638
376816
80491
251727
89749
60913
144421
503962
262506
56272
78561
239033
391682
61798
69002
62969
462145
58025
390839
115674
45310
314517
88603
623508
458497
72397
49052
106428
49684
163631
174924
44237
509936
164701
185999
139204
438436
54258
125358
119646
141151
328239
479565
80608
55821
177135
414756
527130
68837
72522
96321
164311
30839
60981
62092
77930
633775
126102
139132
219864
126102
121571
53643
60135
172381
219116
1286348
115288
47745
79278
341005
371191
533844
537225
55232
46486
434883
197089
50309
178960
54271
92988
115082
289988
61236
67762
82445
78998
358168
81729
98649
84372
596651
75510
60674
176125
136144
42534
82106
167531
54045
378170
671036
53175
141665
64941
428920
67052
641590
110402
534430
107763
126446
466416
58011
597921
63853
58035
63061
394576
108303
416766
52238
393631
40931
271657
74870
55401
109143
229453
430713
1397336
46782
3228069
84989
206395
372774
50359
453276
1612724
70160
59197
55688
190020
8160778
51342
697088
523232
380466
49235
44489
197363
83557
101485
189366
484292
77602
351203
285927
139665
1158438
733565
164431
55465
191483
83048
192048
271698
84610
778725
159264
51903
446328
55688
52300
41411
112971
120397
464470
178310
52644
93487
97035
57214
115761
479747
178749
278553
2247576
376932
44867
153949
26544
513618
48273
76677
80091
110818
84884
47534
220877
75085
76127
42242
43073
50695
301839
471031
185467
112889
54831
47303
86103
128713
1968400
90382
169757
410792
153558
241220
345701
120768
70756
49060
62448
71153
69738
94244
211747
300308
168116
57790
55097
91670
385105
282412
49698
1314355
502031
84621
282422
71349
533822
501107
206385
133957
227687
495503
223861
236652
61952
212204
467566
60235
45436
338532
103791
462002
281675
708216
434908
104781
521270
93276
173931
189366
44652
145031
87881
491668
56518
234132
181304
47054
563433
443949
45346
382005
91085
62912
87104
40530
55723
83609
39120
270771
48754
80857
375079
42620
60465
207862
480466
120173
101333
104109
486589
426159
41424
43770
124946
80878
99288
148016
74820
513598
304255
432851
63381
139150
463775
414995
414820
793944
45840
54524
401705
91631
151068
57856
105085
99288
43225
101473
61775
66342
36048
87748
81451
53530
451042
2721573
343267
48627
89372
331970
64042
46347
247462
67238
100912
428154
296443
83903
92184
112301
469453
416772
635089
82726
26463
63845
81030
62510
436640
40578
413494
52025
462759
123556
213625
70894
86858
200685
513604
138804
104401
144415
106191
158842
341933
464982
398340
482298
191493
611129
165437
77771
460963
72404
177639
778725
182989
36330
706428
432057
40682
168492
74344
52824
119640
59731
530131
202911
435161
176320
77384
166265
143986
108533
94709
154049
67516
132773
137424
83399
222666
384678
151838
43798
47020
49077
117539
80490
58587
119214
549787
40568
264785
488976
438250
126304
111125
66988
118815
183209
44599
445671
21441
135225
679264
179777
125919
59988
70160
250060
282422
318132
47837
123192
410788
401606
83244
484296
112301
141021
156185
301839
204243
49660
110576
127596
89611
44167
112971
513616
349445
107428
85259
244066
70675
51069
210872
153369
396247
58878
230087
3036157
186936
310983
113249
440827
73669
63040
275867
42032
63233
161788
40449
135632
53197
33533
67270
363114
71871
45067
52981
81720
117321
51580
611171
125219
106925
53593
120368
524066
54031
388441
38962
748829
383235
165889
519227
82330
45655
54032
139854
432884
471126
35697
355905
99143
147277
68699
148210
44429
377605
55271
56938
114195
44228
58011
45932
47932
261396
43747
58952
106674
42108
89061
68951
85626
54054
77972
308281
75731
49566
44560
25920
72017
469334
52865
59514
51820
85850
87136
107580
94000
69548
41495
404539
188141
676769
51027
191271
300506
55465
163000
243539
14019356
134012
74852
31089
505254
59148
50049
41852
95191
356748
64875
253326
334762
205675
70894
344286
43892
912174
189008
51242
181282
383990
196209
111808
51577
831184
310987
431939
102645
141555
46162
98406
107297
81411
778723
503899
261209
94452
455421
105787
155582
62309
118910
353729
432057
40824
158536
440827
728372
120902
1644333
432405
41524
42447
320780
52242
123881
629050
43895
160684
139607
119426
123662
416234
90757
55983
108668
165005
403687
105302
40478
333430
78038
90743
50992
293549
391993
698829
346926
29132
65343
256322
194357
63100
48067
612469
294024
263108
26817
171447
101022
72536
368369
42927
41706
44162
59917
136451
73471
81913
76688
76477
15790
140740
54823
216900
142075
561117
32670
81553
198288
416798
594335
411588
46831
145893
33262
122482
55602
41033
41288
140650
104956
304611
393647
48324
378469
118572
87721
392234
49245
26325
112190
213625
34727
181836
235286
60395
443945
62411
33154
45839
21881
213108
327194
234422
449157
150353
551914
58718
45514
47442
2025877
26514
446133
123285
61699
25927
85626
59102
63715
303133
270221
345261
75839
87557
31741
85324
123444
140401
243510
46847
257490
64596
135961
32004
1699185
43425
85487
84935
105381
28575
55271
78500
522212
638600
759747
121210
47733
439362
50739
381619
469032
95592
538994
96088
70935
167083
117860
145512
54577
68391
42579
380462
27484
96153
59766
85624
131803
128054
91647
104680
25655
418950
103071
629981
200811
109143
491877
51299
105557
58836
43588
20632
108243
467256
49755
141756
68213
45344
114830
193918
60722
557221
36316
396729
41424
42811
119843
256172
111637
386173
67968
738632
55753
65046
32836
87824
420266
23597
524259
44818
56463
168439
142014
231251
77364
60973
78028
136409
24592
506123
191325
31589
11858
101752
119291
75758
566712
191391
112827
402876
82068
61503
74415
57065
501097
356332
33145
48825
450097
162115
282418
50444
42568
340289
52586
49673
55728
562939
36438
90193
254270
459402
67962
134346
112450
46248
431953
48296
79860
402973
52698
40824
186361
43813
293639
137079
97517
189949
597349
95646
122211
144270
4218
52905
67215
88258
92745
115849
27217
491674
68696
352152
51315
111024
111025
46612
40401
63565
54862
141691
400939
184913
75428
108243
139037
5372
489768
124952
30821
109143
39495
27939
1699185
101101
35514
429261
285339
135809
99487
31101
290066
42503
47282
124588
638620
1938379
91763
92463
484284
105673
63350
22740
81582
52592
64605
23963
722651
75005
139161
285159
175845
31639
95411
66592
97955
28971
136008
253326
377292
443949
49860
66646
37669
441558
36805
340871
47945
71239
126435
65738
604604
23989
65072
165211
53249
384385
207886
48903
29187
43392
83796
199817
195408
53070
111508
66296
87113
107548
40030
212441
51852
160048
791099
251810
55591
142510
72976
190124
386684
44695
82319
217305
91334
31656
408497
261152
261359
134822
47386
18619
52261
25357
608693
248160
136451
29499
211972
65597
207641
133387
79545
552889
564643
328934
98051
532737
86549
108045
24306
160628
209289
136864
42902
49703
718555
22899
70240
91632
255579
72711
141283
30532
315085
532915